x0 = 0.1
N=1  x=0.200000
N=2,4,6,8,10  x=0.400000
N=1,3,5,7,9   x=0.800000
N=100         x=0.000000
N=1000        x=0.000000

となった。  少なくともN<=10までは問題の定義通り動作している。
Nが大きい時に0となってしまうのは浮動小数点数の誤差の問題である。
つまりNが1増えるごとに誤差が2倍になっていくのでやがてxが0.5→1.0→0.0→0.0→...
となってしまうのである。